11111001
11100011
10000110
00110001
11001010
10101000
00100000
00101100
10110100
11011111
00011111
01000001
11011010
11000111
10100000
11010001
10110110
10110000
01001001
01110100
10110100
01000100
11100000
10111011
00101110
11001101
00100000
00101100
10110101
11010010
00001010
11011111
00101110
10110101
10111110
10101011
10111101
00001001
11001100
11000101
10011001
01001001
11101110
11111111
11111011
10110110
10001100
11101010
00010110
10111100
00101111
01001110
10101101
00000100
00111010
00111011
00110101
01001010
00111100
01100011
01111110
01000011
01000101
00011010